$ 1 0.000005 10.20027730826997 50 5 43
s 128 240 160 240 0 0 false
s 128 304 160 304 0 0 false
w 112 240 128 240 0
w 112 304 128 304 0
t 256 208 288 208 0 1 -2.27139520249078 0.6763394955210682 100
t 256 336 288 336 0 1 0.48885523443028767 0.6766332608429175 100
w 224 240 224 208 0
w 224 208 256 208 0
w 224 304 224 336 0
w 224 336 256 336 0
r 176 240 224 240 0 10000
r 176 304 224 304 0 10000
r 288 384 288 432 0 5000
w 288 352 288 384 0
w 288 432 288 448 0
g 288 448 288 464 0
w 320 384 368 384 0
162 368 384 448 384 2 default-led 1 0 0 0.01
w 448 384 448 416 0
g 448 416 448 448 0
w 288 224 288 320 0
w 288 192 288 176 0
w 288 176 336 176 0
R 336 176 368 176 0 0 40 5 0 0 0.5
R 48 240 80 240 0 0 40 5 0 0 0.5
R 48 304 80 304 0 0 40 5 0 0 0.5
w 112 240 48 240 0
w 112 304 48 304 0
w 160 304 176 304 0
w 176 240 160 240 0
w 288 384 304 384 0
w 304 384 320 384 0
